0::Roderick::0
0:7:7:0
Roderick=0:1:2:3:1:0:0:0
Très Facile=0:0:1:3:0:0:0:1
(-2.0,1.0)
(1.0,3.0)
plateau
(2.0,1.0)_(2.0,1.0):[2/1/(2.0,1.0)]
(0.0,4.0)_(0.0,4.0):[4/0/(0.0,4.0)]
(-1.0,1.0)_(-1.0,1.0):[7/0/(-1.0,1.0)]
(1.0,1.0)_(1.0,1.0):[4/1/(1.0,1.0)]
(2.0,0.0)_(2.0,0.0):[1/1/(2.0,0.0)]
(1.0,2.0)_(1.0,2.0):[4/1/(1.0,2.0)]
(1.0,3.0)_(1.0,3.0):[0/1/(1.0,3.0)]
(-2.0,1.0)_(-2.0,1.0):[0/0/(-2.0,1.0)]
(-1.0,2.0)_(-1.0,2.0):[1/0/(-1.0,2.0)]
(3.0,-1.0)_(3.0,-1.0):[2/1/(3.0,-1.0)]
(0.0,0.0)_(0.0,0.0):[2/0/(0.0,0.0)]
(1.0,0.0)_(1.0,0.0):[1/1/(1.0,0.0)]
graphe
(2.0,1.0):(1.0,1.0):(1.0,2.0):(2.0,0.0)
(0.0,4.0):(1.0,3.0)
(-1.0,1.0):(0.0,0.0):(-2.0,1.0):(-1.0,2.0)
(1.0,1.0):(1.0,0.0):(1.0,2.0):(2.0,0.0):(2.0,1.0)
(2.0,0.0):(1.0,0.0):(1.0,1.0):(2.0,1.0):(3.0,-1.0)
(1.0,2.0):(1.0,1.0):(1.0,3.0):(2.0,1.0)
(1.0,3.0):(1.0,2.0):(0.0,4.0)
(-2.0,1.0):(-1.0,1.0)
(-1.0,2.0):(-1.0,1.0)
(3.0,-1.0):(2.0,0.0)
(0.0,0.0):(1.0,0.0):(-1.0,1.0)
(1.0,0.0):(0.0,0.0):(1.0,1.0):(2.0,0.0)
Historique en cours
2:(3.0,-1.0)
(-1.0,3.0)->(0.0,2.0)->(0.0,3.0)->(0.0,4.0)
2:(2.0,1.0)
4:(-1.0,3.0)
1:(2.0,0.0)
(-2.0,2.0)->(-1.0,2.0)
0:(1.0,3.0)
0:(-2.0,1.0)
4:(1.0,2.0)
1:(-2.0,2.0)
4:(1.0,1.0)
7:(-1.0,1.0)
1:(1.0,0.0)
2:(0.0,0.0)
(1.0,1.0)->(2.0,0.0)
(4.0,-3.0)->(4.0,0.0)
(0.0,1.0)->(1.0,1.0)
(1.0,1.0)->(1.0,-1.0)
(0.0,2.0)->(0.0,1.0)
(0.0,1.0)->(4.0,-3.0)
(-1.0,2.0)->(0.0,1.0)
(1.0,2.0)->(-1.0,2.0)
(1.0,-1.0)->(0.0,-1.0)->(-1.0,-1.0)->(-1.0,-2.0)
(1.0,-2.0)->(1.0,2.0)
7:(0.0,2.0)
(4.0,0.0)->(4.0,-1.0)
(4.0,-3.0)->(5.0,-3.0)->(5.0,-2.0)->(4.0,-1.0)
(5.0,0.0)->(4.0,0.0)
3:(4.0,-3.0)
(2.0,0.0)->(1.0,1.0)
(4.0,-3.0)->(2.0,-1.0)
(2.0,0.0)->(3.0,0.0)
2:(4.0,-3.0)
(0.0,-2.0)->(0.0,-1.0)->(-1.0,-1.0)->(-2.0,-1.0)
(-1.0,-1.0)->(-2.0,0.0)
(3.0,-4.0)->(2.0,-3.0)->(1.0,-3.0)->(0.0,-2.0)
(-1.0,1.0)->(-1.0,0.0)
(5.0,-3.0)->(4.0,-3.0)->(4.0,-4.0)->(3.0,-4.0)
3:(3.0,-3.0)
(2.0,1.0)->(2.0,0.0)
(3.0,-3.0)->(3.0,0.0)
(5.0,1.0)->(5.0,0.0)
2:(3.0,-3.0)
(3.0,0.0)->(4.0,-1.0)->(5.0,-2.0)->(5.0,-3.0)
(0.0,-1.0)->(-1.0,-1.0)
(1.0,1.0)->(1.0,-2.0)
(5.0,-3.0)->(2.0,0.0)
(-1.0,2.0)->(-2.0,2.0)->(-2.0,1.0)->(-1.0,0.0)
2:(5.0,-3.0)
(1.0,2.0)->(0.0,2.0)->(0.0,1.0)->(-1.0,2.0)
(2.0,-2.0)->(3.0,-3.0)->(4.0,-3.0)->(4.0,-2.0)
(2.0,-1.0)->(3.0,-1.0)
(4.0,-2.0)->(4.0,-3.0)->(3.0,-3.0)->(2.0,-2.0)
1:(5.0,1.0)
4:(4.0,-2.0)
4:(1.0,2.0)
(4.0,-3.0)->(3.0,-3.0)->(2.0,-2.0)->(1.0,-1.0)
2:(4.0,1.0)
4:(4.0,-3.0)
4:(3.0,0.0)
1:(-1.0,1.0)
2:(3.0,1.0)
(3.0,1.0)->(3.0,0.0)->(2.0,0.0)->(3.0,-1.0)->(3.0,-2.0)
0:(2.0,-1.0)
(-1.0,1.0)->(0.0,1.0)->(0.0,2.0)->(1.0,2.0)->(2.0,2.0)->(3.0,1.0)
1:(2.0,1.0)
0:(0.0,-1.0)
2:(1.0,1.0)
3:(-1.0,1.0)
7:(1.0,0.0)
1:(0.0,0.0)
Refaire en cours
